1.0
1.0
9.159864619556293e-05
0.0
0.0
0.0
0.0
0.0
0.0
0.0
0.0
0.0
0.0
9.159864619558795e-05
1.0
1.0
1.0
1.0
1.0
0.6488820838943776
0.0
0.0
0.0
0.0
0.0
0.0
0.0
0.0
0.6488820838938263
1.0
1.0
1.0
1.0
1.0
1.0
8.39822864727034e-05
0.0
0.0
0.0
0.0
0.0
0.0
0.0
0.0
8.398228646880938e-05
1.0
1.0
1.0
1.0
1.0
1.0
0.9083338154170324
0.0
0.0
0.0
0.0
0.0
0.0
0.0
0.0
0.9083338154170063
1.0
1.0
1.0
1.0
1.0
1.0
0.4940543942777024
0.9999823183842772
0.0
0.0
0.0
0.0
0.0
0.0
0.9999823183842772
0.49405439427730913
1.0
1.0
1.0
1.0
1.0
1.0
0.0
0.41515888795453093
1.0
0.0
0.0
0.0
0.0
1.0
0.4151588879536797
0.0
1.0
1.0
1.0
1.0
1.0
1.0
0.0
0.0
0.3422114529434894
1.0
0.0
0.0
1.0
0.34221145294313304
0.0
0.0
1.0
1.0
1.0
1.0
1.0
1.0
0.0
0.0
0.0
0.06609985027594353
0.9999861948679895
0.999986194867989
0.06609985027583341
0.0
0.0
0.0
1.0
1.0
1.0
1.0
1.0
1.0
0.0
0.0
0.0
0.7584166347291473
0.7661204901334928
0.7661204901342654
0.7584166347292018
0.0
0.0
0.0
1.0
1.0
1.0
1.0
1.0
1.0
0.0
0.0
1.0
0.607635343040783
0.0
0.0
0.607635343041523
1.0
0.0
0.0
1.0
1.0
1.0
1.0
1.0
1.0
0.7059960761261145
1.0
0.0
0.0
0.0
0.0
0.0
0.0
1.0
0.7059960761262867
1.0
1.0
1.0
1.0
1.0
1.0
0.9022122051251119
0.0
0.0
0.0
0.0
0.0
0.0
0.0
0.0
0.902212205125894
1.0
1.0
1.0
1.0
1.0
1.0
0.8644228214863255
0.0
0.0
0.0
0.0
0.0
0.0
0.0
0.0
0.8644228214876998
1.0
1.0
1.0
1.0
1.0
1.0
0.9999056042262309
0.0
0.0
0.0
0.0
0.0
0.0
0.0
0.0
0.999905604226231
1.0
1.0
1.0
1.0
1.0
1.0
1.0
0.0
0.0
0.0
0.0
0.0
0.0
0.0
0.0
1.0
1.0
1.0
1.0
1.0
0.6910522612424078
1.830588685371444e-05
0.007296558319304471
0.0
0.0
0.0
0.0
0.0
0.0
0.0
0.0
0.007296558318852052
1.8305886853777893e-05
0.6910522612422874
1.0
